image_width: 640
image_height: 480
camera_name: narrow_stereo
camera_matrix:
  rows: 3
  cols: 3
  data: [846.361322, 0, 323.756396, 0, 856.094952, 160.833335, 0, 0, 1]
distortion_model: plumb_bob
distortion_coefficients:
  rows: 1
  cols: 5
  data: [0.042311, 0.220283, -0.012209, 0.002241, 0]
rectification_matrix:
  rows: 3
  cols: 3
  data: [1, 0, 0, 0, 1, 0, 0, 0, 1]
projection_matrix:
  rows: 3
  cols: 4
  data: [861.134827, 0, 324.076813, 0, 0, 869.312866, 158.475633, 0, 0, 0, 1, 0]